(0.2946213, 0.3001124, 0.3055931)
(1.951435, 1.986223, 1.994038)
(1.980125, 1.988307, 2.007694)
(355.9997, 357.826, 358.233)
(350.1678, 357.7453, 358.6637)
(0.4476292, 0.4812829, 0.4952207)
(0.4692553, 0.4826848, 0.4943719)
(0.2457433, 0.285152, 0.3066605)
(0.2673202, 0.2866664, 0.3042075)
(1.000505, 1.0162, 1.031969)
(0, 9.807394E-05, 0.0003404617)
(1.192093E-07, 0.001159584, 0.004709601)
(0.001159584, 0.001163373, 0.001597285)
 
(0.2647119, 0.2682599, 0.2718461)
(1.822533, 1.917654, 2.011167)
(1.426416, 1.848832, 2.220941)
(0.1379962, 318.0284, 359.224)
(0.03097205, 336.2342, 359.2846)
(0.4203227, 0.480707, 0.6533084)
(0.3447255, 0.4401655, 0.6521481)
(0.2281541, 0.3084817, 0.5489013)
(0.1532381, 0.257477, 0.5025218)
(0.5423641, 0.9477534, 1.014285)
(3.695488E-06, 0.008943992, 0.1609854)
(0.0001012087, 0.01285655, 0.06589818)
(0.01285655, 0.01607271, 0.06673598)
 
(0.2639244, 0.2678569, 0.2721637)
(1.839865, 1.913197, 2.005325)
(1.456389, 1.876169, 2.264519)
(265.917, 327.2531, 352.0444)
(246.055, 318.8575, 359.0251)
(0.4167783, 0.4589424, 0.5619649)
(0.3261667, 0.4662717, 0.6285168)
(0.2252508, 0.2772244, 0.4203418)
(0.1513922, 0.2862622, 0.4335438)
(0.64976, 0.9369574, 1.018423)
(6.556511E-07, 0.004683273, 0.03352892)
(1.907349E-06, 0.01196641, 0.02842605)
(0.01196641, 0.02037981, 0.06775057)
 
(0.2250095, 0.228982, 0.2308406)
(1.775424, 1.854379, 1.953568)
(1.32649, 1.769645, 2.249213)
(244.7788, 315.2294, 348.1762)
(236.1184, 304.6498, 358.8025)
(0.383299, 0.4374016, 0.578773)
(0.2747499, 0.4496795, 0.6189296)
(0.1906324, 0.2629229, 0.4557611)
(0.110186, 0.2685552, 0.4210919)
(0.5542558, 0.8651562, 1.027999)
(3.218651E-06, 0.01374495, 0.06096554)
(2.706051E-05, 0.0150556, 0.06342006)
(0.0150556, 0.02911252, 0.1163095)
 
(0.2294474, 0.2325328, 0.2365305)
(1.767658, 1.858824, 1.942098)
(1.330526, 1.777614, 2.289045)
(241.6982, 313.1648, 345.3346)
(255.9828, 309.9551, 358.9403)
(0.3814239, 0.4402799, 0.565968)
(0.289432, 0.4453197, 0.6387187)
(0.1892589, 0.267859, 0.4610355)
(0.1051953, 0.2580485, 0.4401855)
(0.5872405, 0.884631, 1.029468)
(7.158518E-05, 0.01374942, 0.06130254)
(6.818771E-05, 0.01634531, 0.04507005)
(0.01634531, 0.0260391, 0.08141768)
 
(0.2229963, 0.2268498, 0.2300473)
(1.784782, 1.852014, 1.947186)
(1.411279, 1.78619, 2.240988)
(244.5887, 318.9722, 347.1361)
(260.2834, 310.9468, 359.226)
(0.3869288, 0.4326098, 0.5577477)
(0.3117116, 0.4453917, 0.6120623)
(0.194179, 0.2543002, 0.4439866)
(0.1259827, 0.2589915, 0.4187391)
(0.6513299, 0.8932466, 1.028256)
(9.775162E-06, 0.01155668, 0.0625217)
(1.66893E-05, 0.01459386, 0.0670073)
(0.01459386, 0.02540436, 0.08003044)
 
(0.2249331, 0.2276946, 0.2302432)
(1.782837, 1.850904, 1.934172)
(1.389039, 1.750426, 2.270346)
(254.1799, 319.6817, 348.8063)
(254.0306, 310.2401, 358.9709)
(0.3859255, 0.4322391, 0.5606626)
(0.318102, 0.4307332, 0.6301258)
(0.1955662, 0.2517056, 0.427372)
(0.1205841, 0.24406, 0.4318869)
(0.6132455, 0.8854731, 1.02494)
(5.841255E-06, 0.01209947, 0.07425034)
(1.204014E-05, 0.01445256, 0.07519782)
(0.01445256, 0.02366366, 0.08279419)
 
