(0.2521622, 0.25582, 0.2606072)
(1.790125, 1.911584, 2.001117)
(1.743821, 1.889402, 1.921227)
(0.512274, 340.7505, 359.8037)
(316.498, 346.5697, 358.1948)
(0.4045537, 0.4531237, 0.5341084)
(0.3674362, 0.4371829, 0.4500253)
(0.2044584, 0.2702071, 0.3993307)
(0.1662977, 0.2452289, 0.2853536)
(0.9770024, 1.005814, 1.017445)
(1.192093E-07, 0.002502979, 0.1741672)
(2.324581E-05, 0.01420679, 0.04252446)
(0.01420679, 0.01436392, 0.02427495)
 
(0.2528687, 0.2586294, 0.2679033)
(1.826958, 1.912638, 2.001627)
(1.630615, 1.911854, 2.171378)
(279.8249, 331.0064, 357.7881)
(236.9197, 332.4633, 358.2816)
(0.4050828, 0.4508205, 0.4972038)
(0.3378423, 0.456205, 0.6014054)
(0.2102512, 0.2786013, 0.389544)
(0.1596862, 0.273697, 0.5538545)
(0.7709368, 0.9964581, 1.02764)
(1.5378E-05, 0.002118199, 0.009975314)
(8.225441E-05, 0.01462835, 0.03040659)
(0.01462835, 0.02033636, 0.06051183)
 
