(0.2877715, 0.292052, 0.294448)
(1.866072, 1.968309, 2.017402)
(1.910069, 1.953882, 2.004623)
(305.6453, 331.7594, 355.2339)
(303.3372, 331.1407, 351.1222)
(0.4079956, 0.480295, 0.5246468)
(0.431951, 0.4712533, 0.5146321)
(0.217956, 0.292233, 0.3408855)
(0.2405161, 0.2845048, 0.3321207)
(0.9442255, 0.9897363, 1.017382)
(2.384186E-06, 0.006607806, 0.02637017)
(5.209446E-05, 0.008356209, 0.02064323)
(0.008356209, 0.009210491, 0.01909161)
 
(0.3142646, 0.3232532, 0.3280254)
(1.767079, 1.801575, 1.823709)
(1.595815, 1.8364, 2.025008)
(281.9233, 334.675, 359.7777)
(281.6035, 338.4335, 358.6323)
(0.5023062, 0.5380498, 0.6199603)
(0.4309438, 0.5419329, 0.6445968)
(0.3029279, 0.3456511, 0.4383033)
(0.2364484, 0.3553225, 0.4515757)
(0.8269361, 1.007597, 1.027443)
(7.56979E-06, 0.02266638, 0.07238787)
(7.510185E-06, 0.005202669, 0.02002013)
(0.005202669, 0.02556875, 0.09159887)
 
