(0.2334856, 0.2426181, 0.2462469)
(1.816939, 1.866576, 1.914927)
(1.682892, 1.879879, 2.092808)
(300.2864, 331.0012, 351.4039)
(300.4569, 332.2108, 359.5164)
(0.3996752, 0.4276595, 0.4663332)
(0.3364704, 0.4378204, 0.5440555)
(0.2095229, 0.2440374, 0.2914671)
(0.1588966, 0.2536051, 0.3499515)
(0.976732, 1.011481, 1.026093)
(2.390146E-05, 0.004733468, 0.01827359)
(1.490116E-05, 0.008845756, 0.01886177)
(0.008845756, 0.01982372, 0.05089724)
 
(0.2370862, 0.2386639, 0.2404047)
(1.785785, 1.849239, 1.902122)
(1.588922, 1.810693, 2.080932)
(296.2196, 324.0786, 349.9402)
(260.0008, 320.4622, 359.4507)
(0.3836995, 0.4229583, 0.4657288)
(0.3172468, 0.4230057, 0.5587336)
(0.1998239, 0.242801, 0.2978097)
(0.1419179, 0.241015, 0.3739499)
(0.7602011, 0.9715056, 1.025885)
(8.46386E-06, 0.00510618, 0.02124202)
(5.841255E-05, 0.009589389, 0.02050674)
(0.009589389, 0.02020798, 0.1124022)
 
(0.2166873, 0.2226736, 0.2289788)
(1.787152, 1.835865, 1.88186)
(1.675217, 1.863491, 2.022284)
(295.9202, 329.4294, 352.849)
(300.4133, 336.1069, 359.3626)
(0.3845127, 0.415947, 0.4634721)
(0.3366376, 0.4297356, 0.5112551)
(0.1918116, 0.2294591, 0.2970343)
(0.1474027, 0.2406711, 0.3168972)
(0.9607288, 1.011831, 1.030114)
(1.40667E-05, 0.005147895, 0.02020049)
(8.428097E-05, 0.009049626, 0.01965904)
(0.009049626, 0.02298437, 0.05655158)
 
