(0.2016165, 0.2028568, 0.2045949)
(1.754049, 1.784483, 1.811485)
(1.603992, 1.781302, 2.018636)
(298.4539, 329.6073, 354.9745)
(260.659, 326.5243, 358.1598)
(0.3717196, 0.3935049, 0.4235393)
(0.3143225, 0.3899063, 0.5491097)
(0.1794581, 0.2112393, 0.2563304)
(0.1356704, 0.2094593, 0.3774183)
(0.7688971, 0.9947636, 1.017879)
(1.001358E-05, 0.006794145, 0.0285688)
(2.026558E-06, 0.006791464, 0.01673365)
(0.006791464, 0.01558541, 0.08723426)
 
(0.2286649, 0.2300529, 0.2314052)
(1.81557, 1.85568, 1.887947)
(1.688038, 1.860726, 2.085078)
(300.6419, 332.8434, 358.1955)
(297.9402, 332.0756, 358.0935)
(0.4005318, 0.4267572, 0.4613247)
(0.3332568, 0.4255865, 0.5360367)
(0.2089284, 0.2395168, 0.2853459)
(0.1342974, 0.240536, 0.3388034)
(0.9590907, 1.00004, 1.019095)
(3.200769E-05, 0.008115671, 0.03090537)
(9.417534E-06, 0.008613356, 0.02140021)
(0.008613356, 0.02033433, 0.1009529)
 
