2
1.002825
71
78
0.8705428
0.9973344
0.005787524
0.002281541
 
0
NaN
150
0
0.944917
0.9259473
0.002933712
0.001937804
 
0
NaN
126
35
1.007203
1.008973
0.0007922038
0.0004697759
 
0
NaN
0
0
1.026456
1.026611
0
0
 
0
NaN
0
0
1.026457
1.026611
0
0
 
0
NaN
0
0
1.026456
1.026611
0
0
 
0
NaN
0
0
1.026456
1.026611
0
0
 
0
NaN
0
0
1.026456
1.026611
0
0
 
0
NaN
0
0
1.026456
1.026611
0
0
 
0
NaN
0
0
1.026456
1.026611
0
0
 
0
NaN
0
0
1.026456
1.026611
0
0
 
0
NaN
0
0
1.026456
1.026611
0
0
 
0
NaN
0
0
1.026457
1.026611
7.931165E-08
7.848502E-08
 
0
NaN
0
0
1.026456
1.026611
0
0
 
0
NaN
0
0
1.026456
1.026611
0
0
 
0
NaN
0
0
1.026456
1.026611
0
0
 
0
NaN
0
0
1.026577
1.026611
0
0
 
0
NaN
0
0
1.026457
1.026611
4.010585E-08
2.965104E-08
 
0
NaN
0
0
1.026463
1.026611
0
0
 
0
NaN
0
0
1.026457
1.026611
0
0
 
0
NaN
0
0
1.026456
1.026611
0
0
 
0
NaN
0
0
1.026456
1.026611
0
0
 
0
NaN
0
0
1.026457
1.026611
0
0
 
0
NaN
0
0
1.026611
1.026611
0
0
 
0
NaN
0
0
1.026611
1.026611
0
0
 
0
NaN
0
0
1.026611
1.026611
0
0
 
0
NaN
2
6
0.9550886
0.9373695
0.004501896
0.006243529
 
0
NaN
4
2
0.9702721
0.9676011
0.004460752
0.003163266
 
0
NaN
0
4
0.950828
0.9429871
0.005199783
0.006805341
 
0
NaN
38
74
0.9156945
0.9082055
0.005609524
0.005472033
 
0
NaN
0
0
1.026611
1.026611
1.163123E-08
0
 
