14
0.147992
450
184
0.9990757
0.9854269
0.002637531
0.003610375
 
20
0.1037914
472
192
0.9987356
0.9760389
0.002955827
0.005158405
 
34
0.06273817
434
198
0.9984432
0.9674938
0.003076506
0.005533644
 
36
0.05919711
426
211
0.9938403
0.9446415
0.00349889
0.008734826
 
3
0.715701
166
198
0.9852924
0.9606377
0.004374827
0.006705594
 
12
0.1777715
145
202
0.9941166
0.9611802
0.003667112
0.007167054
 
14
0.1523748
144
195
0.9938994
0.9687724
0.00329538
0.005269328
 
10
0.2141269
147
194
0.9941152
0.9697992
0.002993308
0.00429878
 
6
0.3543937
156
190
0.993039
0.9742776
0.002881318
0.003996599
 
7
0.3043859
160
190
0.9950033
0.9717742
0.003093143
0.004930069
 
